0.000000 
  0 
0.010000 
  0 
0.020000 
  0 
0.030000 
  1 
0.040000 
  2 
0.050000 
  3 
0.060000 
  3 
0.070000 
  4 
0.080000 
  5 
0.090000 
  6 
0.100000 
  6 
0.110000 
  7 
0.120000 
  8 
0.130000 
  9 
0.140000 
 10 
0.150000 
 10 
0.160000 
 11 
0.170000 
 12 
0.180000 
 13 
0.190000 
 13 
0.200000 
 14 
0.210000 
 15 
0.220000 
 16 
0.230000 
 17 
0.240000 
 17 
0.250000 
 18 
0.260000 
 19 
0.270000 
 20 
0.280000 
 20 
0.290000 
 21 
0.300000 
 22 
0.310000 
 23 
0.320000 
 24 
0.330000 
 24 
0.340000 
 25 
0.350000 
 26 
0.360000 
 27 
0.370000 
 27 
0.380000 
 28 
0.390000 
 29 
0.400000 
 30 
0.410000 
 30 
0.420000 
 31 
0.430000 
 32 
0.440000 
 33 
0.450000 
 34 
0.460000 
 34 
0.470000 
 35 
0.480000 
 36 
0.490000 
 37 
0.500000 
 37 
0.510000 
 38 
0.520000 
 39 
0.530000 
 40 
0.540000 
 41 
0.550000 
 41 
0.560000 
 42 
0.570000 
 43 
0.580000 
 44 
0.590000 
 44 
0.600000 
 45 
0.610000 
 46 
0.620000 
 47 
0.630000 
 48 
0.640000 
 48 
0.650000 
 49 
0.660000 
 50 
0.670000 
 51 
0.680000 
 51 
0.690000 
 52 
0.700000 
 53 
0.710000 
 54 
0.720000 
 55 
0.730000 
 55 
0.740000 
 56 
0.750000 
 57 
0.760000 
 58 
0.770000 
 58 
0.780000 
 59 
0.790000 
 60 
0.800000 
 61 
0.810000 
 62 
0.820000 
 62 
0.830000 
 63 
0.840000 
 64 
0.850000 
 65 
0.860000 
 65 
0.870000 
 66 
0.880000 
 67 
0.890000 
 68 
0.900000 
 68 
0.910000 
 69 
0.920000 
 70 
0.930000 
 71 
0.940000 
 72 
0.950000 
 72 
0.960000 
 73 
0.970000 
 74 
0.980000 
 75 
0.990000 
 75 
1.000000 
 76 
1.010000 
 77 
1.020000 
 78 
1.030000 
 79 
1.040000 
 79 
1.050000 
 80 
1.060000 
 81 
1.070000 
 82 
1.080000 
 82 
1.090000 
 83 
1.100000 
 84 
1.110000 
 85 
1.120000 
 86 
1.130000 
 86 
1.140000 
 87 
1.150000 
 88 
1.160000 
 89 
1.170000 
 89 
1.180000 
 90 
1.190000 
 91 
1.200000 
 92 
1.210000 
 93 
1.220000 
 93 
1.230000 
 94 
1.240000 
 95 
1.250000 
 96 
1.260000 
 96 
1.270000 
 97 
1.280000 
 98 
1.290000 
 99 
1.300000 
100 
1.310000 
100 
1.320000 
101 
1.330000 
102 
1.340000 
103 
1.350000 
103 
1.360000 
104 
1.370000 
105 
1.380000 
106 
1.390000 
107 
1.400000 
107 
1.410000 
108 
1.420000 
109 
1.430000 
110 
1.440000 
110 
1.450000 
111 
1.460000 
112 
1.470000 
113 
1.480000 
113 
1.490000 
114 
1.500000 
115 
1.510000 
116 
1.520000 
117 
1.530000 
117 
1.540000 
118 
1.550000 
119 
1.560000 
120 
1.570000 
120 
1.580000 
121 
1.590000 
122 
1.600000 
123 
1.610000 
124 
1.620000 
124 
1.630000 
125 
1.640000 
126 
1.650000 
127 
1.660000 
127 
1.670000 
128 
1.680000 
129 
1.690000 
130 
1.700000 
131 
1.710000 
131 
1.720000 
132 
1.730000 
133 
1.740000 
134 
1.750000 
134 
1.760000 
135 
1.770000 
136 
1.780000 
137 
1.790000 
138 
1.800000 
138 
1.810000 
139 
1.820000 
140 
1.830000 
141 
1.840000 
141 
1.850000 
142 
1.860000 
143 
1.870000 
144 
1.880000 
145 
1.890000 
145 
1.900000 
146 
1.910000 
147 
1.920000 
148 
1.930000 
148 
1.940000 
149 
1.950000 
150 
1.960000 
151 
1.970000 
151 
1.980000 
152 
1.990000 
153 
2.000000 
154 
2.010000 
155 
2.020000 
155 
2.030000 
156 
2.040000 
157 
2.050000 
158 
2.060000 
158 
2.070000 
159 
2.080000 
160 
2.090000 
161 
2.100000 
162 
2.110000 
162 
2.120000 
163 
2.130000 
164 
2.140000 
165 
2.150000 
165 
2.160000 
166 
2.170000 
167 
2.180000 
168 
2.190000 
169 
2.200000 
169 
2.210000 
170 
2.220000 
171 
2.230000 
172 
2.240000 
172 
2.250000 
173 
2.260000 
174 
2.270000 
175 
2.280000 
176 
2.290000 
176 
2.300000 
177 
2.310000 
178 
2.320000 
179 
2.330000 
179 
2.340000 
180 
2.350000 
181 
2.360000 
182 
2.370000 
183 
2.380000 
183 
2.390000 
184 
2.400000 
185 
2.410000 
186 
2.420000 
186 
2.430000 
187 
2.440000 
188 
2.450000 
189 
2.460000 
190 
2.470000 
190 
2.480000 
191 
2.490000 
192 
2.500000 
193 
2.510000 
193 
2.520000 
194 
2.530000 
195 
2.540000 
196 
2.550000 
196 
2.560000 
197 
2.570000 
198 
2.580000 
199 
2.590000 
200 
2.600000 
200 
2.610000 
201 
2.620000 
202 
2.630000 
203 
2.640000 
203 
2.650000 
204 
2.660000 
205 
2.670000 
206 
2.680000 
207 
2.690000 
207 
2.700000 
208 
2.710000 
209 
2.720000 
210 
2.730000 
210 
2.740000 
211 
2.750000 
212 
2.760000 
213 
2.770000 
214 
2.780000 
214 
2.790000 
215 
2.800000 
216 
2.810000 
217 
2.820000 
217 
2.830000 
218 
2.840000 
219 
2.850000 
220 
2.860000 
220 
2.870000 
221 
2.880000 
222 
2.890000 
223 
2.900000 
224 
2.910000 
224 
2.920000 
225 
2.930000 
226 
2.940000 
227 
2.950000 
227 
2.960000 
228 
2.970000 
229 
2.980000 
230 
2.990000 
230 
3.000000 
231 
3.010000 
232 
3.020000 
233 
3.030000 
233 
3.040000 
234 
3.050000 
235 
3.060000 
236 
3.070000 
236 
3.080000 
237 
3.090000 
238 
3.100000 
239 
3.110000 
239 
3.120000 
240 
3.130000 
241 
3.140000 
242 
3.150000 
242 
3.160000 
243 
3.170000 
244 
3.180000 
244 
3.190000 
245 
3.200000 
246 
3.210000 
247 
3.220000 
247 
3.230000 
248 
3.240000 
249 
3.250000 
249 
3.260000 
250 
3.270000 
251 
3.280000 
251 
3.290000 
252 
3.300000 
253 
3.310000 
253 
3.320000 
254 
3.330000 
255 
3.340000 
255 
3.350000 
255 
3.360000 
255 
3.370000 
255 
3.380000 
255 
3.390000 
255 
3.400000 
255 
3.410000 
255 
3.420000 
255 
3.430000 
255 
3.440000 
255 
3.450000 
255 
3.460000 
255 
3.470000 
255 
3.480000 
255 
3.490000 
255 
3.500000 
255 
3.510000 
255 
3.520000 
255 
3.530000 
255 
3.540000 
255 
3.550000 
255 
3.560000 
255 
3.570000 
255 
3.580000 
255 
3.590000 
255 
3.600000 
255 
3.610000 
255 
3.620000 
255 
3.630000 
255 
3.640000 
255 
3.650000 
255 
3.660000 
255 
3.670000 
255 
3.680000 
255 
3.690000 
255 
3.700000 
255 
3.710000 
255 
3.720000 
255 
3.730000 
255 
3.740000 
255 
3.750000 
255 
3.760000 
255 
3.770000 
255 
3.780000 
255 
3.790000 
255 
3.800000 
255 
3.810000 
255 
3.820000 
255 
3.830000 
255 
3.840000 
255 
3.850000 
255 
3.860000 
255 
3.870000 
255 
3.880000 
255 
3.890000 
255 
3.900000 
255 
3.910000 
255 
3.920000 
255 
3.930000 
255 
3.940000 
255 
3.950000 
255 
3.960000 
255 
3.970000 
255 
3.980000 
255 
3.990000 
255 
4.000000 
255 
4.010000 
255 
4.020000 
255 
4.030000 
255 
4.040000 
255 
4.050000 
255 
4.060000 
255 
4.070000 
255 
4.080000 
255 
4.090000 
255 
4.100000 
255 
4.110000 
255 
4.120000 
255 
4.130000 
255 
4.140000 
255 
4.150000 
255 
4.160000 
255 
4.170000 
255 
4.180000 
255 
4.190000 
255 
4.200000 
255 
4.210000 
255 
4.220000 
255 
4.230000 
255 
4.240000 
255 
4.250000 
255 
4.260000 
255 
4.270000 
255 
4.280000 
255 
4.290000 
255 
4.300000 
255 
4.310000 
255 
4.320000 
255 
4.330000 
255 
4.340000 
255 
4.350000 
255 
4.360000 
255 
4.370000 
255 
4.380000 
255 
4.390000 
255 
4.400000 
255 
4.410000 
255 
4.420000 
255 
4.430000 
255 
4.440000 
255 
4.450000 
255 
4.460000 
255 
4.470000 
255 
4.480000 
255 
4.490000 
255 
4.500000 
255 
4.510000 
255 
4.520000 
255 
4.530000 
255 
4.540000 
255 
4.550000 
255 
4.560000 
255 
4.570000 
255 
4.580000 
255 
4.590000 
255 
4.600000 
255 
4.610000 
255 
4.620000 
255 
4.630000 
255 
4.640000 
255 
4.650000 
255 
4.660000 
255 
4.670000 
255 
4.680000 
255 
4.690000 
255 
4.700000 
255 
4.710000 
255 
4.720000 
255 
4.730000 
255 
4.740000 
255 
4.750000 
255 
4.760000 
255 
4.770000 
255 
4.780000 
255 
4.790000 
255 
4.800000 
255 
4.810000 
255 
4.820000 
255 
4.830000 
255 
4.840000 
255 
4.850000 
255 
4.860000 
255 
4.870000 
255 
4.880000 
255 
4.890000 
255 
4.900000 
255 
4.910000 
255 
4.920000 
255 
4.930000 
255 
4.940000 
255 
4.950000 
255 
4.960000 
255 
4.970000 
255 
4.980000 
255 
4.990000 
255 
